
4444444444444444444444444444444444444444444444444444444444444444444444
4444444444444444444444444444444444444444444444444444444444444444444444
4444444444444444444444444444444444444444444444444444444444444444444444
4444444444444444444444444444444444444444444444444444444444444444444444
0000044444444444444400000000004444400000000000044444400000000000000000
0000000444444444440000000000004444400000000000004444000000000000000000
0000000004444444000000000000000000000000000000004444000000000000000000
0000000000000000000000000000000000000000000000004444000000000000000000
0000000000000000000000000000000000000000000000004444000000000000000000
0000000000000000000000000000000000000010000000004444000000000000000000
0000000000000000000000000000000000000010000000004444000000000000000000
0000000000000000000000000000000000000011000000004444000000000000000000
0000000000000000000000000000000000000011000000004444000000000000000000
0000000000001000000000000000000000000011000000000000000000000000000000
0000000000011110000000000000000000000011000000000000000000000000000000
0000000001111111100000000000000000000111100000000000000111000000000000
0000000011111111110000000000000000000111100000000000000111000000000000
1111111111111111111111111111111111111111111111111111111111111111111111
1111111111111111111111111111111111111111111111111111111111111111111111
1111111111111111111111111111111111111111111111111111111111111111111111
1111111111111111111111111111111111111111111111111111111111111111111111
